# x
-9.960505962371826172e-01 -2.250151634216308594e-01
4.571537971496582031e-01 -9.999670982360839844e-01
-4.350242614746093750e-01 -9.968988895416259766e-01
-7.963712215423583984e-01 -9.988842010498046875e-01
-9.989805221557617188e-01 -9.097530841827392578e-01
9.134724140167236328e-01 -9.052753448486328125e-04
-9.993419647216796875e-01 5.257849693298339844e-01
-9.861493110656738281e-02 -9.981896877288818359e-01
-9.975411891937255859e-01 -1.124110221862792969e-01
-9.966092109680175781e-01 8.242940902709960938e-02
-9.993262290954589844e-01 6.418168544769287109e-01
7.951245307922363281e-01 -1.013040542602539062e-03
7.024452686309814453e-01 -4.814803600311279297e-01
-5.428929328918457031e-01 -2.275378704071044922e-01
-1.314325332641601562e-01 7.384848594665527344e-02
-7.705674171447753906e-01 3.158283233642578125e-02
-1.594743728637695312e-01 6.903626918792724609e-01
-2.927567958831787109e-01 -4.070081710815429688e-01
-1.350331306457519531e-02 -9.589946269989013672e-01
8.097693920135498047e-01 -1.803150177001953125e-01
-3.124117851257324219e-02 6.407933235168457031e-01
4.406521320343017578e-01 -3.469018936157226562e-01
-6.600317955017089844e-01 9.028940200805664062e-01
-3.730647563934326172e-01 7.974290847778320312e-02
-5.260879993438720703e-01 9.207034111022949219e-02
-6.030502319335937500e-01 -3.868496417999267578e-01
8.593759536743164062e-01 -5.320029258728027344e-01
-1.789474487304687500e-01 -2.944827079772949219e-01
6.765127182006835938e-01 -8.184301853179931641e-01
2.931690216064453125e-02 -5.457262992858886719e-01
-7.048196792602539062e-01 -8.460762500762939453e-01
-7.819037437438964844e-01 -3.236484527587890625e-01
-9.135277271270751953e-01 -6.209650039672851562e-01
-1.275234222412109375e-01 9.237544536590576172e-01
-3.073551654815673828e-01 -5.810532569885253906e-01
-2.607314586639404297e-01 1.742780208587646484e-01
-6.692216396331787109e-01 -2.898023128509521484e-01
-4.486258029937744141e-01 -9.725079536437988281e-01
4.580469131469726562e-01 -7.345094680786132812e-01
-7.146866321563720703e-01 9.582736492156982422e-01
4.531879425048828125e-01 -8.531732559204101562e-01
6.284475326538085938e-01 -9.916560649871826172e-01
-9.300706386566162109e-01 4.780042171478271484e-01
8.682532310485839844e-01 -5.705378055572509766e-01
-7.669606208801269531e-01 -6.542763710021972656e-01
-2.697100639343261719e-01 7.230975627899169922e-01
1.345634460449218750e-03 -3.423211574554443359e-01
1.241552829742431641e-01 -5.165650844573974609e-01
-7.001628875732421875e-01 -7.997789382934570312e-01
-2.737429141998291016e-01 -8.653585910797119141e-01
2.470297813415527344e-01 -8.752224445343017578e-01
-4.891791343688964844e-01 -9.321897029876708984e-01
2.110936641693115234e-01 -3.983597755432128906e-01
1.629698276519775391e-01 -7.177939414978027344e-01
5.923604965209960938e-01 -9.225754737854003906e-01
-8.829579353332519531e-01 -1.620321273803710938e-01
9.097967147827148438e-01 -9.660434722900390625e-02
-7.380175590515136719e-02 -4.244906902313232422e-01
-8.264710903167724609e-01 4.220602512359619141e-01
-2.155776023864746094e-01 -1.263623237609863281e-01
1.101257801055908203e-01 -9.221220016479492188e-01
1.582467555999755859e-01 -1.687765121459960938e-01
8.483777046203613281e-01 -3.325781822204589844e-01
4.299778938293457031e-01 -3.685374259948730469e-01
5.524516105651855469e-02 -7.781221866607666016e-01
-4.948294162750244141e-01 -8.193206787109375000e-02
-7.093098163604736328e-01 -4.397187232971191406e-01
5.873188972473144531e-01 -9.314098358154296875e-01
8.473124504089355469e-01 -1.594502925872802734e-01
-8.274483680725097656e-02 5.447521209716796875e-01
2.991087436676025391e-01 -9.393296241760253906e-01
-9.960505962371826172e-01 -2.250151634216308594e-01
2.765319347381591797e-01 -1.835324764251708984e-01
-1.043601036071777344e-01 1.381788253784179688e-01
-7.797865867614746094e-01 4.366402626037597656e-01
-2.470731735229492188e-01 -8.607053756713867188e-02
-2.990272045135498047e-01 1.369659900665283203e-01
-5.071694850921630859e-01 -7.428369522094726562e-01
-6.303949356079101562e-01 -8.970046043395996094e-02
1.627285480499267578e-01 -3.154158592224121094e-02
-7.960951328277587891e-01 -6.922020912170410156e-01
7.633984088897705078e-01 -9.536139965057373047e-01
-6.987040042877197266e-01 4.268400669097900391e-01
6.994619369506835938e-01 -5.121455192565917969e-01
-8.678865432739257812e-01 -8.482582569122314453e-01
-9.581227302551269531e-01 -2.514514923095703125e-01
-8.656458854675292969e-01 4.535303115844726562e-01
-4.160470962524414062e-01 -3.687038421630859375e-01
-8.722131252288818359e-01 -5.065190792083740234e-01
7.037711143493652344e-01 -8.361997604370117188e-01
1.320431232452392578e-01 -5.578556060791015625e-01
1.377503871917724609e-01 -4.207673072814941406e-01
8.654186725616455078e-01 -8.088817596435546875e-01
-3.683958053588867188e-01 -9.052741527557373047e-01
-8.974511623382568359e-01 4.434585571289062500e-01
1.203949451446533203e-01 -7.111101150512695312e-01
1.713898181915283203e-01 -3.039255142211914062e-01
-6.157269477844238281e-01 3.269405364990234375e-01
-8.453335762023925781e-01 2.684612274169921875e-01
-7.706775665283203125e-01 4.458212852478027344e-01
-6.842839717864990234e-01 -3.079438209533691406e-01
6.830246448516845703e-01 -1.312017440795898438e-01
2.326760292053222656e-01 -4.016993045806884766e-01
-8.238172531127929688e-01 -9.419682025909423828e-01
-3.088564872741699219e-01 9.809803962707519531e-01
-1.842975616455078125e-02 6.603741645812988281e-01
-7.551829814910888672e-01 -6.377115249633789062e-01
-8.451664447784423828e-01 6.358196735382080078e-01
1.458659172058105469e-01 -8.738384246826171875e-01
1.372511386871337891e-01 -5.178411006927490234e-01
-4.612300395965576172e-01 -9.753842353820800781e-01
9.310610294342041016e-01 -6.324062347412109375e-01
9.663419723510742188e-01 -9.173450469970703125e-01
-4.838302135467529297e-01 9.416110515594482422e-01
3.939063549041748047e-01 -5.378627777099609375e-01
4.230642318725585938e-01 -6.618630886077880859e-01
-3.320829868316650391e-01 8.254325389862060547e-01
-8.750157356262207031e-01 -5.805459022521972656e-01
-1.555545330047607422e-01 3.761148452758789062e-02
2.514820098876953125e-01 -1.493818759918212891e-01
6.652934551239013672e-01 -7.552368640899658203e-01
-5.323081016540527344e-01 7.996351718902587891e-01
9.454176425933837891e-01 -9.558284282684326172e-01
-6.529264450073242188e-01 4.300129413604736328e-01
-2.665169239044189453e-01 4.333162307739257812e-02
-5.987656116485595703e-01 2.292871475219726562e-01
-2.415180206298828125e-02 5.204415321350097656e-02
-6.566333770751953125e-01 2.551925182342529297e-01
-7.231171131134033203e-01 5.334959030151367188e-01
-9.170455932617187500e-01 -2.052454948425292969e-01
1.854562759399414062e-01 -1.262574195861816406e-01
-6.515984535217285156e-01 1.244449615478515625e-02
-7.766473293304443359e-01 -4.355745315551757812e-01
-8.391194343566894531e-01 -5.415987968444824219e-02
-9.354536533355712891e-01 -6.122159957885742188e-01
-8.234724998474121094e-01 -1.729083061218261719e-01
4.571537971496582031e-01 -9.999670982360839844e-01
-8.887360095977783203e-01 -9.035499095916748047e-01
2.005696296691894531e-02 -8.300240039825439453e-01
-4.793004989624023438e-01 -2.451012134552001953e-01
-7.212378978729248047e-01 -4.816269874572753906e-02
9.547348022460937500e-01 -2.645380496978759766e-01
6.996676921844482422e-01 -4.332861900329589844e-01
2.801206111907958984e-01 -5.916118621826171875e-02
5.059094429016113281e-01 -2.401878833770751953e-01
4.186618328094482422e-01 -3.143198490142822266e-01
-8.303306102752685547e-01 9.894704818725585938e-01
1.246693134307861328e-01 -1.934521198272705078e-01
-8.086774349212646484e-01 9.811897277832031250e-01
9.505078792572021484e-01 -6.258518695831298828e-01
-7.388184070587158203e-01 8.575978279113769531e-01
-7.028546333312988281e-01 -1.003968715667724609e-01
-8.968608379364013672e-01 8.889012336730957031e-01
-8.886344432830810547e-01 1.593661308288574219e-01
-1.246194839477539062e-01 -9.271702766418457031e-01
-9.067251682281494141e-01 2.017836570739746094e-01
7.072780132293701172e-01 -9.429094791412353516e-01
3.787620067596435547e-01 -5.235106945037841797e-01
-6.410653591156005859e-01 9.616374969482421875e-03
-6.199049949645996094e-02 9.862480163574218750e-01
4.564840793609619141e-01 -7.625224590301513672e-01
-8.232824802398681641e-01 -7.947833538055419922e-01
4.981536865234375000e-01 -4.429206848144531250e-01
-7.167611122131347656e-01 -4.182939529418945312e-01
-5.225727558135986328e-01 -4.203059673309326172e-01
-6.026859283447265625e-01 8.842825889587402344e-02
-2.056062221527099609e-01 2.425937652587890625e-01
-4.333095550537109375e-01 5.269765853881835938e-03
-5.953893661499023438e-01 -7.252907752990722656e-02
8.780813217163085938e-02 -4.742834568023681641e-01
-3.073580265045166016e-01 8.132345676422119141e-01
-3.786301612854003906e-01 -8.268969058990478516e-01
-5.913178920745849609e-01 2.281546592712402344e-01
-7.994778156280517578e-01 -8.219764232635498047e-01
6.609172821044921875e-01 -1.705465316772460938e-01
-6.990454196929931641e-01 7.553813457489013672e-01
6.135532855987548828e-01 -6.073479652404785156e-01
-4.350242614746093750e-01 -9.968988895416259766e-01
-7.989733219146728516e-01 5.138370990753173828e-01
-4.654393196105957031e-01 -1.240568161010742188e-01
-3.323733806610107422e-01 7.158005237579345703e-01
7.612855434417724609e-01 -9.828176498413085938e-01
-1.963365077972412109e-01 -4.801309108734130859e-01
-2.779798507690429688e-01 5.373482704162597656e-01
-5.709004402160644531e-01 -2.702989578247070312e-01
6.954989433288574219e-01 -7.457542419433593750e-01
-5.563459396362304688e-01 3.240783214569091797e-01
5.152976512908935547e-01 -5.711810588836669922e-01
-4.022717475891113281e-01 -1.643104553222656250e-01
-8.492610454559326172e-01 2.490286827087402344e-01
2.970306873321533203e-01 -2.235097885131835938e-01
-6.837799549102783203e-01 9.009790420532226562e-02
-4.776217937469482422e-01 7.340734004974365234e-01
3.814654350280761719e-01 -8.252971172332763672e-01
-5.829434394836425781e-01 2.793107032775878906e-01
8.101301193237304688e-01 -9.929454326629638672e-01
2.393827438354492188e-01 -7.699239253997802734e-01
9.697377681732177734e-01 -6.843430995941162109e-01
4.853365421295166016e-01 -8.035683631896972656e-02
-5.837149620056152344e-01 4.556798934936523438e-01
1.520519256591796875e-01 -5.763692855834960938e-01
-2.934694290161132812e-01 5.072357654571533203e-01
-5.109562873840332031e-01 -3.472194671630859375e-01
-1.939530372619628906e-01 -3.202166557312011719e-01
9.897646903991699219e-01 -5.986497402191162109e-01
-2.896203994750976562e-01 6.582694053649902344e-01
-4.448118209838867188e-01 2.905671596527099609e-01
-5.570511817932128906e-01 -2.891323566436767578e-01
-9.947514533996582031e-02 -5.738689899444580078e-01
2.089717388153076172e-01 -1.181650161743164062e-01
5.468292236328125000e-01 -6.660645008087158203e-01
8.003334999084472656e-01 -6.612653732299804688e-01
7.009744644165039062e-02 -4.354143142700195312e-01
4.233613014221191406e-01 -6.049904823303222656e-01
-1.951081752777099609e-01 3.745651245117187500e-02
1.811194419860839844e-01 -1.075327396392822266e-01
4.190628528594970703e-01 -1.195254325866699219e-01
8.494002819061279297e-01 -9.884119033813476562e-01
5.850634574890136719e-01 -4.706203937530517578e-01
-1.951162815093994141e-01 7.208092212677001953e-01
-4.381132125854492188e-02 2.972924709320068359e-01
-7.380323410034179688e-01 -8.129124641418457031e-01
8.043015003204345703e-01 -9.883108139038085938e-01
-1.023731231689453125e-01 -1.540169715881347656e-01
3.419446945190429688e-02 -4.743635654449462891e-01
-2.514328956604003906e-01 4.925892353057861328e-01
-9.868628978729248047e-01 9.667453765869140625e-01
-6.456665992736816406e-01 4.162671566009521484e-01
-7.803432941436767578e-01 7.927551269531250000e-01
-7.129685878753662109e-01 -7.636308670043945312e-01
-4.996807575225830078e-01 8.430743217468261719e-01
-4.187152385711669922e-01 7.992029190063476562e-01
4.783201217651367188e-01 -1.939058303833007812e-01
-7.858419418334960938e-01 6.565110683441162109e-01
-5.374994277954101562e-01 -1.107280254364013672e-01
-3.289985656738281250e-02 8.559114933013916016e-01
-5.434274673461914062e-02 3.093655109405517578e-01
1.881616115570068359e-01 -7.762594223022460938e-01
-6.996250152587890625e-01 8.143620491027832031e-01
-2.531497478485107422e-01 2.857995033264160156e-02
-5.740840435028076172e-01 -5.457816123962402344e-01
5.756697654724121094e-01 -8.596839904785156250e-01
-6.384634971618652344e-02 6.200904846191406250e-01
-1.216390132904052734e-01 -5.110552310943603516e-01
2.352025508880615234e-01 -7.787752151489257812e-02
2.096533775329589844e-01 -8.351533412933349609e-01
-7.053017616271972656e-02 1.605353355407714844e-01
6.931459903717041016e-01 -5.606706142425537109e-01
6.938056945800781250e-01 -1.567201614379882812e-01
-8.071992397308349609e-01 -4.615211486816406250e-01
-5.706796646118164062e-01 5.467817783355712891e-01
7.983927726745605469e-01 -3.899259567260742188e-01
-3.362531661987304688e-01 8.272652626037597656e-01
-3.846004009246826172e-01 6.985595226287841797e-01
2.016327381134033203e-01 -2.176392078399658203e-01
-9.542798995971679688e-01 2.794320583343505859e-01
-4.995882511138916016e-01 5.085308551788330078e-01
7.525665760040283203e-01 -6.022279262542724609e-01
-7.314438819885253906e-01 -6.113023757934570312e-01
3.532273769378662109e-01 -2.720077037811279297e-01
-2.624177932739257812e-02 -5.041985511779785156e-01
7.091522216796875000e-02 -3.600690364837646484e-01
-3.823497295379638672e-01 -9.863665103912353516e-01
-2.500984668731689453e-01 6.889185905456542969e-01
5.199172496795654297e-01 -1.346530914306640625e-01
-6.655070781707763672e-01 -6.017618179321289062e-01
-9.752819538116455078e-01 -3.984560966491699219e-01
-3.282997608184814453e-01 -5.854511260986328125e-02
1.981186866760253906e-01 -7.071037292480468750e-01
7.148067951202392578e-01 -2.279868125915527344e-01
8.552985191345214844e-01 -4.316051006317138672e-01
4.449558258056640625e-01 -6.785538196563720703e-01
8.243465423583984375e-02 -4.440593719482421875e-01
-9.302194118499755859e-01 -7.582750320434570312e-01
6.932466030120849609e-01 -3.289020061492919922e-01
-5.379912853240966797e-01 3.998177051544189453e-01
-8.325872421264648438e-01 -5.676157474517822266e-01
7.318911552429199219e-01 -8.897089958190917969e-01
-5.563218593597412109e-01 -3.013994693756103516e-01
-4.780364036560058594e-01 -8.452610969543457031e-01
9.279737472534179688e-01 -4.536082744598388672e-01
4.038753509521484375e-01 -4.228219985961914062e-01
-6.444315910339355469e-01 -2.029986381530761719e-01
-6.966617107391357422e-01 -2.541055679321289062e-01
-4.646708965301513672e-01 6.108772754669189453e-01
-7.303717136383056641e-01 -5.307774543762207031e-01
-9.305808544158935547e-01 5.454103946685791016e-01
-6.254947185516357422e-01 -2.556991577148437500e-01
-3.674373626708984375e-01 -5.704281330108642578e-01
-6.180977821350097656e-02 4.988417625427246094e-01
-7.106366157531738281e-01 -8.582961559295654297e-01
-2.124583721160888672e-01 -4.618501663208007812e-02
-1.616389751434326172e-01 1.201844215393066406e-01
-1.861643791198730469e-02 4.660820960998535156e-02
5.731110572814941406e-01 -2.781295776367187500e-01
-2.222502231597900391e-01 9.633476734161376953e-01
-9.066908359527587891e-01 5.541560649871826172e-01
-4.666380882263183594e-01 7.614333629608154297e-01
-1.965103149414062500e-01 -6.347994804382324219e-01
-2.818834781646728516e-01 -1.526689529418945312e-02
6.275057792663574219e-02 -9.485831260681152344e-01
-5.482606887817382812e-01 -7.462785243988037109e-01
-1.681561470031738281e-01 -3.203558921813964844e-02
5.154755115509033203e-01 -3.610010147094726562e-01
3.824505805969238281e-01 -6.860647201538085938e-01
4.604005813598632812e-02 -5.829637050628662109e-01
5.343489646911621094e-01 -7.390179634094238281e-01
-6.727402210235595703e-01 2.701821327209472656e-01
-1.994762420654296875e-01 5.666866302490234375e-01
-8.237497806549072266e-01 7.463774681091308594e-01
-5.242617130279541016e-01 -1.875469684600830078e-01
-6.380836963653564453e-01 4.733257293701171875e-01
-7.515470981597900391e-01 1.747751235961914062e-01
1.612088680267333984e-01 -5.533347129821777344e-01
-8.320202827453613281e-01 -2.969794273376464844e-01
-4.996235370635986328e-01 -5.297815799713134766e-01
-2.610926628112792969e-01 5.188155174255371094e-02
4.828946590423583984e-01 -8.732380867004394531e-01
1.297788619995117188e-01 -3.390722274780273438e-01
-7.936332225799560547e-01 9.334397315979003906e-02
-3.264923095703125000e-01 -2.300374507904052734e-01
-5.097236633300781250e-01 -5.239861011505126953e-01
1.670448780059814453e-01 -5.934796333312988281e-01
-5.413432121276855469e-01 -7.513420581817626953e-01
-8.312511444091796875e-02 -7.001721858978271484e-01
2.709290981292724609e-01 -5.525901317596435547e-01
8.702540397644042969e-01 -1.054430007934570312e-01
5.578756332397460938e-03 -7.975239753723144531e-01
7.791855335235595703e-01 -6.144673824310302734e-01
-1.428322792053222656e-01 4.333879947662353516e-01
-5.809338092803955078e-01 -6.569147109985351562e-03
-1.453301906585693359e-01 -8.751032352447509766e-01
2.267696857452392578e-01 -4.572050571441650391e-01
3.478708267211914062e-01 -5.445146560668945312e-02
2.724320888519287109e-01 -9.495694637298583984e-01
5.010740756988525391e-01 -6.557161808013916016e-01
1.980297565460205078e-01 -1.736071109771728516e-01
-2.908051013946533203e-01 7.647819519042968750e-01
-8.545393943786621094e-01 -9.105749130249023438e-01
7.997016906738281250e-01 -3.409602642059326172e-01
-6.041762828826904297e-01 -9.489910602569580078e-01
-8.668072223663330078e-01 -3.399047851562500000e-01
3.281748294830322266e-01 -3.754162788391113281e-01
-4.748506546020507812e-01 5.797560214996337891e-01
6.307654380798339844e-01 -6.681036949157714844e-02
2.990901470184326172e-01 -9.432363510131835938e-01
-2.986874580383300781e-01 3.949751853942871094e-01
1.746594905853271484e-01 -4.598939418792724609e-01
-1.814780235290527344e-01 -2.495770454406738281e-01
-3.064103126525878906e-01 -9.345779418945312500e-01
-9.723813533782958984e-01 -4.707038402557373047e-01
7.972733974456787109e-01 -2.568373680114746094e-01
6.523244380950927734e-01 -8.827335834503173828e-01
6.764590740203857422e-01 -5.326907634735107422e-01
-6.144771575927734375e-01 6.922981739044189453e-01
-8.012759685516357422e-01 6.201422214508056641e-01
-5.080351829528808594e-01 7.337701320648193359e-01
3.680326938629150391e-01 -4.056081771850585938e-01
-7.433407306671142578e-01 5.658335685729980469e-01
-9.332962036132812500e-01 -9.782338142395019531e-01
-2.583606243133544922e-01 3.566777706146240234e-01
-6.680195331573486328e-01 -5.806753635406494141e-01
-6.496410369873046875e-01 -9.506764411926269531e-01
6.188123226165771484e-01 -2.132918834686279297e-01
-8.612177371978759766e-01 -8.935694694519042969e-01
-1.777405738830566406e-01 -1.980333328247070312e-01
9.458842277526855469e-01 -8.379628658294677734e-01
-5.037260055541992188e-02 7.529513835906982422e-01
-5.884222984313964844e-01 -9.619128704071044922e-01
-5.738711357116699219e-02 -9.758327007293701172e-01
-4.237983226776123047e-01 -1.813519001007080078e-01
-4.697017669677734375e-01 -1.226046085357666016e-01
-9.008274078369140625e-01 6.156783103942871094e-01
-1.714971065521240234e-01 4.495394229888916016e-01
-5.656971931457519531e-01 -8.061854839324951172e-01
-8.490216732025146484e-01 4.173562526702880859e-01
8.716917037963867188e-01 -6.978940963745117188e-02
-5.766086578369140625e-01 -4.642348289489746094e-01
-7.356426715850830078e-01 6.465909481048583984e-01
3.375051021575927734e-01 -4.239697456359863281e-01
7.309975624084472656e-01 -6.700065135955810547e-01
2.040069103240966797e-01 -9.113662242889404297e-01
-4.345037937164306641e-01 -2.899661064147949219e-01
-6.055817604064941406e-01 3.609478473663330078e-01
-6.677494049072265625e-01 3.590126037597656250e-01
-1.109747886657714844e-01 2.995879650115966797e-01
-9.845283031463623047e-01 -6.109554767608642578e-01
-9.833612442016601562e-01 -9.710812568664550781e-01
-3.742988109588623047e-01 -9.419653415679931641e-01
4.021499156951904297e-01 -8.002111911773681641e-01
-8.297610282897949219e-01 -6.117434501647949219e-01
-5.462226867675781250e-01 -6.221077442169189453e-01
-7.642388343811035156e-02 8.099770545959472656e-02
-4.275600910186767578e-01 -4.130377769470214844e-01
-3.252613544464111328e-01 3.242897987365722656e-02
-2.464463710784912109e-01 -6.917695999145507812e-01
-6.473076343536376953e-01 5.296151638031005859e-01
-1.739587783813476562e-01 -2.558929920196533203e-01
-6.107749938964843750e-01 -2.061622142791748047e-01
-7.812411785125732422e-01 6.502294540405273438e-02
-5.276939868927001953e-01 7.313923835754394531e-01
-1.359384059906005859e-01 -9.265327453613281250e-01
-2.620456218719482422e-01 -7.949655055999755859e-01
-4.763889312744140625e-01 4.597675800323486328e-01
2.174990177154541016e-01 -9.865136146545410156e-01
-1.012196540832519531e-01 -5.786411762237548828e-01
2.565410137176513672e-01 -3.440530300140380859e-01
7.232217788696289062e-01 -8.895497322082519531e-01
-3.363327980041503906e-01 -3.465044498443603516e-01
5.753254890441894531e-01 -5.683810710906982422e-01
2.537612915039062500e-01 -5.465874671936035156e-01
-1.480352878570556641e-01 -1.029710769653320312e-01
-3.686037063598632812e-01 7.372381687164306641e-01
4.718439579010009766e-01 -5.767755508422851562e-01
-5.877513885498046875e-01 8.918840885162353516e-01
-2.905046939849853516e-01 -3.647668361663818359e-01
-8.528802394866943359e-01 5.543558597564697266e-01
-7.716016769409179688e-01 7.562777996063232422e-01
-6.681919097900390625e-03 -2.281177043914794922e-01
1.821231842041015625e-01 -1.735255718231201172e-01
-4.365561008453369141e-01 -6.019868850708007812e-01
3.869369029998779297e-01 -3.994994163513183594e-01
1.256611347198486328e-01 -3.516848087310791016e-01
-5.267283916473388672e-01 9.819808006286621094e-01
9.655308723449707031e-02 -5.307533740997314453e-01
-3.907029628753662109e-01 -1.789331436157226562e-02
-4.619348049163818359e-01 -9.432983398437500000e-02
-4.310677051544189453e-01 8.967671394348144531e-01
-4.882037639617919922e-01 2.067208290100097656e-02
-6.025733947753906250e-01 5.683367252349853516e-01
3.362908363342285156e-01 -6.985952854156494141e-01
-2.676248550415039062e-02 6.089084148406982422e-01
-6.478924751281738281e-01 9.423446655273437500e-02
5.322809219360351562e-01 -7.987737655639648438e-02
-3.898420333862304688e-01 -7.447760105133056641e-01
-8.009340763092041016e-01 -8.450498580932617188e-01
-9.229366779327392578e-01 2.403202056884765625e-01
-7.753326892852783203e-01 -6.266763210296630859e-01
-7.963712215423583984e-01 -9.988842010498046875e-01
-5.858061313629150391e-01 -8.877995014190673828e-01
-7.708482742309570312e-01 5.017311573028564453e-01
3.302354812622070312e-01 -1.006414890289306641e-01
-1.169462203979492188e-01 2.775220870971679688e-01
1.723470687866210938e-01 -5.623602867126464844e-02
-8.330821990966796875e-02 -4.217803478240966797e-01
3.344182968139648438e-01 -9.424793720245361328e-01
-1.888201236724853516e-01 -7.805426120758056641e-01
-1.485323905944824219e-01 2.165653705596923828e-01
-4.239454269409179688e-01 -8.657782077789306641e-01
-8.867578506469726562e-01 5.618548393249511719e-01
-9.034562110900878906e-02 -8.054625988006591797e-01
-7.687714099884033203e-01 9.546189308166503906e-01
-4.142251014709472656e-01 -5.945067405700683594e-01
-2.697353363037109375e-01 -7.047538757324218750e-01
-9.276051521301269531e-01 -9.199571609497070312e-02
2.453899383544921875e-01 -4.715020656585693359e-01
4.727265834808349609e-01 -1.894836425781250000e-01
-6.217381954193115234e-01 2.075290679931640625e-02
-9.497022628784179688e-02 1.523678302764892578e-01
2.099716663360595703e-01 -3.717255592346191406e-01
-2.617206573486328125e-01 9.022529125213623047e-01
6.342332363128662109e-01 -5.065009593963623047e-01
-1.995360851287841797e-01 -9.148216247558593750e-02
-8.098232746124267578e-01 6.749367713928222656e-02
-5.629343986511230469e-01 -4.277279376983642578e-01
-3.900980949401855469e-02 -3.298208713531494141e-01
3.661241531372070312e-01 -5.749061107635498047e-01
6.223204135894775391e-01 -1.951217651367187500e-02
1.943402290344238281e-01 -3.935434818267822266e-01
7.414739131927490234e-01 -4.889562129974365234e-01
-5.740959644317626953e-01 -3.579061031341552734e-01
-2.857925891876220703e-01 -6.516318321228027344e-01
-6.671049594879150391e-01 -2.975351810455322266e-01
9.585213661193847656e-02 -6.246883869171142578e-01
3.606379032135009766e-01 -5.131387710571289062e-01
-9.510214328765869141e-01 -3.482055664062500000e-01
1.581501960754394531e-01 -9.424026012420654297e-01
-7.009644508361816406e-01 5.109250545501708984e-01
8.514196872711181641e-01 -2.819855213165283203e-01
3.519144058227539062e-01 -2.692923545837402344e-01
1.634728908538818359e-01 -7.400791645050048828e-01
-1.296377182006835938e-01 7.719914913177490234e-01
-9.509963989257812500e-01 3.326563835144042969e-01
-3.407044410705566406e-01 -3.083202838897705078e-01
-8.344256877899169922e-01 5.358231067657470703e-01
7.675509452819824219e-01 -6.261718273162841797e-01
-3.538115024566650391e-01 -7.693326473236083984e-01
9.325649738311767578e-01 -7.455043792724609375e-01
-5.616972446441650391e-01 8.430075645446777344e-01
-5.058465003967285156e-01 6.849884986877441406e-01
-6.491725444793701172e-01 8.338568210601806641e-01
-9.989805221557617188e-01 -9.097530841827392578e-01
2.845838069915771484e-01 -1.310191154479980469e-01
-8.235836029052734375e-02 4.757463932037353516e-01
-2.101171016693115234e-01 -1.450438499450683594e-01
-2.279348373413085938e-01 1.383147239685058594e-01
-8.180563449859619141e-01 2.994360923767089844e-01
-5.676319599151611328e-01 2.739942073822021484e-01
-8.169906139373779297e-01 -4.968886375427246094e-01
-3.563652038574218750e-01 -4.882481098175048828e-01
-1.474828720092773438e-01 7.252233028411865234e-01
-6.978757381439208984e-01 1.339664459228515625e-01
3.068952560424804688e-01 -2.957119941711425781e-01
-9.617247581481933594e-01 1.653223037719726562e-01
-6.908540725708007812e-01 4.923162460327148438e-01
4.392271041870117188e-01 -4.887921810150146484e-01
7.543334960937500000e-01 -7.843787670135498047e-01
-8.688032627105712891e-01 5.613846778869628906e-01
3.049933910369873047e-01 -9.550900459289550781e-01
6.745333671569824219e-01 -7.657544612884521484e-01
-1.595916748046875000e-01 9.018778800964355469e-02
-5.641570091247558594e-01 6.434495449066162109e-01
3.405125141143798828e-01 -5.021359920501708984e-01
-1.743490695953369141e-01 -7.792375087738037109e-01
-2.873444557189941406e-02 3.893828392028808594e-02
-4.669120311737060547e-01 -8.388531208038330078e-01
-8.915019035339355469e-01 5.573852062225341797e-01
-4.207193851470947266e-01 5.609612464904785156e-01
5.600106716156005859e-01 -3.984982967376708984e-01
-1.820826530456542969e-01 2.958440780639648438e-01
6.119217872619628906e-01 -1.014289855957031250e-01
-8.746981620788574219e-02 6.028985977172851562e-01
7.420356273651123047e-01 -6.546871662139892578e-01
-3.883702754974365234e-01 -3.122634887695312500e-01
-2.762541770935058594e-01 -9.937381744384765625e-02
-5.997464656829833984e-01 7.213068008422851562e-02
-1.369285583496093750e-02 -7.852499485015869141e-01
6.638178825378417969e-01 -9.364962577819824219e-02
6.133499145507812500e-01 -3.068852424621582031e-02
-3.043067455291748047e-01 9.603343009948730469e-01
1.662001609802246094e-01 -4.275772571563720703e-01
-9.337830543518066406e-01 -5.351376533508300781e-01
-8.544561862945556641e-01 -7.340040206909179688e-01
6.339294910430908203e-01 -5.944292545318603516e-01
-4.440236091613769531e-02 -6.670970916748046875e-01
-8.666012287139892578e-01 -1.642394065856933594e-02
5.746288299560546875e-01 -4.692029953002929688e-02
-7.487826347351074219e-01 -4.984180927276611328e-01
-4.003808498382568359e-01 5.501961708068847656e-02
-7.017645835876464844e-01 8.011674880981445312e-02
-3.629918098449707031e-01 7.761397361755371094e-01
4.485299587249755859e-01 -7.749011516571044922e-01
-4.829692840576171875e-02 -3.898191452026367188e-01
9.796414375305175781e-01 -4.295856952667236328e-01
-2.553844451904296875e-02 3.529543876647949219e-01
-1.921629905700683594e-02 8.496356010437011719e-01
-2.458891868591308594e-01 4.433021545410156250e-01
4.880273342132568359e-01 -5.200757980346679688e-01
4.765567779541015625e-01 -9.922893047332763672e-01
7.213642597198486328e-01 -2.219862937927246094e-01
-2.619719505310058594e-02 -1.070771217346191406e-01
2.547907829284667969e-01 -5.566189289093017578e-01
-8.271925449371337891e-01 1.986432075500488281e-01
2.424602508544921875e-01 -3.558681011199951172e-01
8.087537288665771484e-01 -1.044154167175292969e-02
-4.907109737396240234e-01 4.422726631164550781e-01
-7.874498367309570312e-01 6.286511421203613281e-01
-4.325852394104003906e-01 -1.346187591552734375e-01
-4.244892597198486328e-01 9.897701740264892578e-01
6.656212806701660156e-01 -9.943196773529052734e-01
-6.602241992950439453e-01 6.337263584136962891e-01
-8.271706104278564453e-01 4.493768215179443359e-01
-6.377649307250976562e-01 -4.979014396667480469e-01
-6.876232624053955078e-01 -6.502680778503417969e-01
6.849713325500488281e-01 -3.093283176422119141e-01
4.608507156372070312e-01 -6.156976222991943359e-01
3.097183704376220703e-01 -6.100220680236816406e-01
-2.437686920166015625e-02 6.967768669128417969e-01
-6.224370002746582031e-02 -1.978979110717773438e-01
9.938223361968994141e-01 -6.598374843597412109e-01
3.452363014221191406e-01 -2.399055957794189453e-01
-1.617026329040527344e-02 2.344462871551513672e-01
-7.479488849639892578e-01 -5.513336658477783203e-01
-6.483519077301025391e-01 4.027464389801025391e-01
-7.837238311767578125e-01 -9.398350715637207031e-01
-5.828444957733154297e-01 4.474680423736572266e-01
4.629218578338623047e-01 -9.920246601104736328e-01
-3.619117736816406250e-01 -9.260509014129638672e-01
-7.867341041564941406e-01 -4.136996269226074219e-01
7.787349224090576172e-01 -4.324939250946044922e-01
-7.695696353912353516e-01 9.718015193939208984e-01
-8.945934772491455078e-01 -9.608283042907714844e-01
-5.547559261322021484e-01 -8.372533321380615234e-01
4.102344512939453125e-01 -3.000774383544921875e-01
-8.347196578979492188e-01 2.070569992065429688e-01
-1.525259017944335938e-02 -7.316870689392089844e-01
2.461261749267578125e-01 -6.876645088195800781e-01
8.787474632263183594e-01 -9.740376472473144531e-02
-6.464931964874267578e-01 -4.671595096588134766e-01
-3.108866214752197266e-01 9.850959777832031250e-01
-6.130919456481933594e-01 1.655402183532714844e-01
-9.279716014862060547e-01 2.680175304412841797e-01
-5.234701633453369141e-01 3.551197052001953125e-02
1.969819068908691406e-01 -2.641177177429199219e-01
-5.340690612792968750e-01 -4.340267181396484375e-02
-8.659591674804687500e-01 2.577803134918212891e-01
-9.438564777374267578e-01 -8.780901432037353516e-01
-5.349206924438476562e-02 3.291463851928710938e-02
-7.291424274444580078e-01 2.920536994934082031e-01
-8.318181037902832031e-01 -9.241132736206054688e-01
8.129692077636718750e-02 -1.745383739471435547e-01
3.418872356414794922e-01 -8.824565410614013672e-01
-1.081633567810058594e-01 1.489877700805664062e-03
-7.371673583984375000e-01 6.586763858795166016e-01
-1.326246261596679688e-01 -2.177844047546386719e-01
8.280348777770996094e-01 -9.547429084777832031e-01
9.134724140167236328e-01 -9.052753448486328125e-04
-4.145717620849609375e-02 3.663101196289062500e-01
7.730515003204345703e-01 -4.339942932128906250e-01
-5.490183830261230469e-01 -6.776857376098632812e-01
8.652777671813964844e-01 -6.489126682281494141e-01
-6.073584556579589844e-01 9.826140403747558594e-01
-3.594903945922851562e-01 5.999875068664550781e-01
-3.926012516021728516e-01 -4.120490550994873047e-01
8.806061744689941406e-01 -5.894434452056884766e-01
-4.733238220214843750e-01 -3.536851406097412109e-01
-6.672332286834716797e-01 8.160965442657470703e-01
-6.681079864501953125e-01 -7.187895774841308594e-01
-4.206006526947021484e-01 -1.591882705688476562e-01
-7.760467529296875000e-01 -4.945979118347167969e-01
-7.915997505187988281e-01 7.547264099121093750e-01
-4.755816459655761719e-01 -7.674605846405029297e-01
-4.647698402404785156e-01 -9.059259891510009766e-01
-7.921540737152099609e-01 2.148199081420898438e-01
-3.692026138305664062e-01 1.308333873748779297e-01
4.898362159729003906e-01 -2.864377498626708984e-01
-5.815172195434570312e-01 9.256181716918945312e-01
7.648346424102783203e-01 -7.884569168090820312e-01
1.384832859039306641e-01 -1.556267738342285156e-01
-7.100293636322021484e-01 -8.061585426330566406e-01
-8.268275260925292969e-01 -3.975296020507812500e-02
-2.843647003173828125e-01 -5.161061286926269531e-01
-7.132740020751953125e-01 8.002741336822509766e-01
-4.342315196990966797e-01 5.328660011291503906e-01
9.704601764678955078e-01 -2.870702743530273438e-02
-5.761508941650390625e-01 8.613874912261962891e-01
-2.304246425628662109e-01 7.624671459197998047e-01
-1.870224475860595703e-01 6.466152667999267578e-01
-1.043899059295654297e-01 5.879943370819091797e-01
-5.744221210479736328e-01 -7.975196838378906250e-02
-1.998302936553955078e-01 -6.511211395263671875e-04
-1.982049942016601562e-01 8.444919586181640625e-01
4.700171947479248047e-01 -4.613234996795654297e-01
-5.607285499572753906e-01 4.601633548736572266e-01
-7.597339153289794922e-01 -9.482998847961425781e-01
-7.231495380401611328e-01 -5.385637283325195312e-02
-3.267695903778076172e-01 -9.324634075164794922e-01
-1.906366348266601562e-01 7.744932174682617188e-01
7.467117309570312500e-01 -5.275309085845947266e-01
-9.625043869018554688e-01 -3.414154052734375000e-04
-3.491783142089843750e-02 -2.786321640014648438e-01
8.581540584564208984e-01 -5.555503368377685547e-01
-4.441778659820556641e-01 -8.119752407073974609e-01
-1.167488098144531250e-01 1.958825588226318359e-01
2.889420986175537109e-01 -9.027481079101562500e-01
8.141775131225585938e-01 -1.677503585815429688e-01
-8.921618461608886719e-01 -7.000057697296142578e-01
-5.168426036834716797e-01 -8.050107955932617188e-01
1.400735378265380859e-01 -6.052193641662597656e-01
-2.384054660797119141e-01 -6.782817840576171875e-01
2.039027214050292969e-02 -4.813897609710693359e-01
8.467581272125244141e-01 -9.400672912597656250e-01
-6.984245777130126953e-01 -3.704483509063720703e-01
7.567982673645019531e-01 -5.192434787750244141e-01
5.420682430267333984e-01 -3.105890750885009766e-01
-5.969810485839843750e-02 7.865602970123291016e-01
2.954344749450683594e-01 -9.523627758026123047e-01
7.191720008850097656e-01 -3.622343540191650391e-01
-1.147701740264892578e-01 3.301515579223632812e-01
-8.905477523803710938e-01 -5.913374423980712891e-01
-9.851145744323730469e-01 3.964648246765136719e-01
-6.762983798980712891e-01 2.680330276489257812e-01
-7.235178947448730469e-01 -1.125240325927734375e-02
-5.415654182434082031e-02 5.350246429443359375e-01
-1.212725639343261719e-01 8.789973258972167969e-01
-8.338878154754638672e-01 -2.175164222717285156e-01
-3.407015800476074219e-01 8.307271003723144531e-01
5.420789718627929688e-01 -9.428141117095947266e-01
-2.841825485229492188e-01 3.494582176208496094e-01
9.557390213012695312e-01 -1.108360290527343750e-01
-8.085870742797851562e-02 2.138884067535400391e-01
-4.188597202301025391e-01 3.091812133789062500e-03
-4.046878814697265625e-01 -5.360889434814453125e-01
-4.362359046936035156e-01 3.902313709259033203e-01
1.817293167114257812e-01 -1.186084747314453125e-01
2.245295047760009766e-01 -9.018261432647705078e-01
-1.626729965209960938e-01 -7.695243358612060547e-01
-4.074575901031494141e-01 -7.834575176239013672e-01
-4.260551929473876953e-01 4.338674545288085938e-01
-8.782470226287841797e-01 -2.911376953125000000e-01
6.465482711791992188e-01 -3.946244716644287109e-01
-9.893631935119628906e-02 -6.502165794372558594e-01
-9.264488220214843750e-01 5.193202495574951172e-01
-3.697257041931152344e-01 -5.577356815338134766e-01
-8.001070022583007812e-01 -9.534633159637451172e-01
-3.264667987823486328e-01 9.082841873168945312e-01
-6.434018611907958984e-01 2.439904212951660156e-02
-2.791109085083007812e-01 -4.250621795654296875e-01
-6.545536518096923828e-01 4.193892478942871094e-01
-5.448694229125976562e-01 -2.592849731445312500e-02
-4.420526027679443359e-01 7.916228771209716797e-01
-3.451497554779052734e-01 -5.870103836059570312e-01
-1.359429359436035156e-01 7.884087562561035156e-01
8.879256248474121094e-01 -3.054599761962890625e-01
-1.412317752838134766e-01 -4.871032238006591797e-01
-9.101114273071289062e-01 6.600418090820312500e-01
-1.521220207214355469e-01 -4.445250034332275391e-01
-4.327354431152343750e-01 -5.959129333496093750e-02
-7.074587345123291016e-01 -9.492712020874023438e-01
-6.534571647644042969e-01 -2.757635116577148438e-01
-9.954166412353515625e-02 -5.171878337860107422e-01
-7.464787960052490234e-01 2.401516437530517578e-01
-4.210004806518554688e-01 -5.503370761871337891e-01
-9.334723949432373047e-01 9.115264415740966797e-01
-1.192831993103027344e-02 -5.573678016662597656e-01
-7.476947307586669922e-01 5.736708641052246094e-01
-4.461908340454101562e-01 -9.277129173278808594e-02
5.839095115661621094e-01 -2.247500419616699219e-02
-2.537028789520263672e-01 9.473142623901367188e-01
-9.690260887145996094e-02 1.237714290618896484e-01
-5.661399364471435547e-01 2.552931308746337891e-01
-8.664610385894775391e-01 -1.636505126953125000e-02
-1.273877620697021484e-01 -1.081454753875732422e-01
2.788672447204589844e-01 -7.595601081848144531e-01
-6.942865848541259766e-01 3.419814109802246094e-01
-8.356528282165527344e-01 5.210876464843750000e-02
8.377475738525390625e-01 -9.883100986480712891e-01
-7.686429023742675781e-01 -1.989943981170654297e-01
3.991839885711669922e-01 -3.398180007934570312e-01
-5.767421722412109375e-01 -4.791340827941894531e-01
-6.489076614379882812e-01 -6.521563529968261719e-01
2.619347572326660156e-01 -6.596810817718505859e-01
-2.130956649780273438e-01 -4.731791019439697266e-01
-7.985572814941406250e-01 -9.192659854888916016e-01
-5.013625621795654297e-01 -2.280535697937011719e-01
-4.030261039733886719e-01 -4.451243877410888672e-01
3.757705688476562500e-01 -8.770523071289062500e-01
-4.623334407806396484e-01 5.933463573455810547e-01
7.100830078125000000e-01 -3.200368881225585938e-01
8.109049797058105469e-01 -5.010840892791748047e-01
-3.950333595275878906e-02 -8.318662643432617188e-02
-4.677631855010986328e-01 -6.336207389831542969e-01
-6.351342201232910156e-01 -8.282239437103271484e-01
-7.105393409729003906e-01 -6.299757957458496094e-02
5.460944175720214844e-01 -6.850888729095458984e-01
6.401371955871582031e-02 -5.170862674713134766e-01
-8.400433063507080078e-01 3.168623447418212891e-01
-6.089274883270263672e-01 6.174468994140625000e-02
-9.993419647216796875e-01 5.257849693298339844e-01
-2.887854576110839844e-01 -7.667369842529296875e-01
-7.481989860534667969e-01 9.885997772216796875e-01
-4.943354129791259766e-01 9.281730651855468750e-01
-4.409024715423583984e-01 5.058057308197021484e-01
9.660093784332275391e-01 -1.355037689208984375e-01
-5.750787258148193359e-01 -6.844952106475830078e-01
-9.861493110656738281e-02 -9.981896877288818359e-01
-6.191945075988769531e-01 8.312802314758300781e-01
1.028108596801757812e-02 -5.798816680908203125e-02
-3.617169857025146484e-01 -1.159455776214599609e-01
3.072168827056884766e-01 -6.158311367034912109e-01
8.848729133605957031e-01 -1.968352794647216797e-01
4.748659133911132812e-01 -5.436494350433349609e-01
-9.836988449096679688e-01 -2.734942436218261719e-01
-7.929227352142333984e-01 1.408832073211669922e-01
2.771213054656982422e-01 -7.866899967193603516e-01
-7.937459945678710938e-01 -9.228470325469970703e-01
-6.142957210540771484e-01 1.710033416748046875e-02
-5.863978862762451172e-01 7.144124507904052734e-01
-9.710087776184082031e-01 9.361035823822021484e-01
-7.552998065948486328e-01 5.668239593505859375e-01
1.764817237854003906e-01 -4.993729591369628906e-01
-3.648979663848876953e-01 -5.814905166625976562e-01
-8.542520999908447266e-01 3.259055614471435547e-01
5.638425350189208984e-01 -2.870059013366699219e-01
-7.599761486053466797e-01 -1.508212089538574219e-01
3.826076984405517578e-01 -1.405282020568847656e-01
-9.702301025390625000e-01 1.805410385131835938e-01
6.911280155181884766e-01 -6.285440921783447266e-01
2.585241794586181641e-01 -4.515459537506103516e-01
-6.507952213287353516e-01 8.491561412811279297e-01
2.033789157867431641e-01 -7.277123928070068359e-01
-8.159165382385253906e-01 3.984770774841308594e-01
-4.555900096893310547e-01 5.615990161895751953e-01
-7.763624191284179688e-01 -3.404107093811035156e-01
-4.807360172271728516e-01 4.534528255462646484e-01
8.781170845031738281e-01 -2.099747657775878906e-01
8.733854293823242188e-01 -8.452892303466796875e-01
-3.906073570251464844e-01 -4.668507575988769531e-01
-8.976640701293945312e-01 3.403902053833007812e-03
-9.524066448211669922e-01 2.560379505157470703e-01
1.273491382598876953e-01 -9.318656921386718750e-01
2.537081241607666016e-01 -5.131959915161132812e-03
-3.878271579742431641e-01 -1.485388278961181641e-01
-2.911496162414550781e-02 5.541281700134277344e-01
-6.723728179931640625e-01 1.625745296478271484e-01
1.981403827667236328e-01 -8.649864196777343750e-01
3.439059257507324219e-01 -1.873135566711425781e-01
-8.253161907196044922e-01 -2.796711921691894531e-01
-9.053738117218017578e-01 -9.213070869445800781e-01
7.387495040893554688e-02 -4.161930084228515625e-02
-4.686367511749267578e-01 -9.834988117218017578e-01
-3.382692337036132812e-01 -2.371993064880371094e-01
-2.585051059722900391e-01 -9.505400657653808594e-01
6.034405231475830078e-01 -8.629572391510009766e-01
-1.365358829498291016e-01 -2.279160022735595703e-01
2.244510650634765625e-01 -9.796643257141113281e-01
-7.150807380676269531e-01 3.379731178283691406e-01
-1.794435977935791016e-01 -6.523728370666503906e-02
-2.389268875122070312e-01 -1.395759582519531250e-01
-6.073484420776367188e-01 -2.249898910522460938e-01
4.358291625976562500e-04 -2.715146541595458984e-01
6.000323295593261719e-01 -8.436300754547119141e-01
-4.506754875183105469e-02 4.878771305084228516e-01
-3.599591255187988281e-01 -2.727591991424560547e-01
9.379010200500488281e-01 -7.512476444244384766e-01
-5.139460563659667969e-01 7.017955780029296875e-01
-6.523585319519042969e-01 -6.851139068603515625e-01
-5.564157962799072266e-01 -5.872738361358642578e-01
-1.816389560699462891e-01 4.278454780578613281e-01
-8.872237205505371094e-01 4.040637016296386719e-01
-6.024971008300781250e-01 3.011939525604248047e-01
3.182435035705566406e-01 -2.868716716766357422e-01
-5.159263610839843750e-01 -9.633369445800781250e-01
-7.039093971252441406e-01 -1.947259902954101562e-02
-2.375721931457519531e-02 -6.128292083740234375e-01
1.027686595916748047e-01 -7.739245891571044922e-01
9.215362071990966797e-01 -1.898820400238037109e-01
-5.927171707153320312e-01 6.541819572448730469e-01
1.905031204223632812e-01 -8.902237415313720703e-01
-2.056097984313964844e-01 7.151708602905273438e-01
-5.436077117919921875e-01 5.617828369140625000e-01
-5.034663677215576172e-01 -7.596104145050048828e-01
-5.361833572387695312e-01 -5.887010097503662109e-01
-3.040711879730224609e-01 6.104652881622314453e-01
9.078106880187988281e-01 -2.057657241821289062e-01
-5.227134227752685547e-01 9.697961807250976562e-01
-5.709099769592285156e-01 9.938116073608398438e-01
-5.822947025299072266e-01 7.199311256408691406e-02
-7.432579994201660156e-01 -6.939222812652587891e-01
-4.833457469940185547e-01 -1.204192638397216797e-01
-8.264660835266113281e-01 -3.328394889831542969e-02
5.694997310638427734e-01 -4.164540767669677734e-01
-1.153857707977294922e-01 -5.850441455841064453e-01
-5.564427375793457031e-01 5.137171745300292969e-01
-5.749964714050292969e-01 -3.089873790740966797e-01
5.911653041839599609e-01 -3.297882080078125000e-01
-4.695787429809570312e-01 6.113371849060058594e-01
-5.885787010192871094e-01 2.104442119598388672e-01
-7.800652980804443359e-01 4.202344417572021484e-01
7.652914524078369141e-01 -7.390327453613281250e-01
-7.481534481048583984e-01 2.270913124084472656e-01
-8.946187496185302734e-01 6.431260108947753906e-01
-7.261528968811035156e-01 1.377029418945312500e-01
-1.079990863800048828e-01 -3.568444252014160156e-01
-8.354334831237792969e-01 -4.410066604614257812e-01
-1.186509132385253906e-01 5.270004272460937500e-02
-6.122102737426757812e-01 -5.436403751373291016e-01
-9.420990943908691406e-01 7.651448249816894531e-01
-7.488255500793457031e-01 -8.054780960083007812e-02
-4.526162147521972656e-01 4.153656959533691406e-02
-7.241613864898681641e-01 -7.213208675384521484e-01
2.973017692565917969e-01 -8.077611923217773438e-01
6.918773651123046875e-01 -9.579815864562988281e-01
4.389321804046630859e-01 -6.114773750305175781e-01
-7.400226593017578125e-02 2.442939281463623047e-01
-2.428591251373291016e-01 -3.079333305358886719e-01
-6.841108798980712891e-01 5.223848819732666016e-01
5.252764225006103516e-01 -9.238195419311523438e-02
-3.912763595581054688e-01 3.971419334411621094e-01
5.971484184265136719e-01 -5.222082138061523438e-03
-1.523876190185546875e-02 5.996682643890380859e-01
-2.551548480987548828e-01 6.517748832702636719e-01
-1.785120964050292969e-01 3.367965221405029297e-01
3.366212844848632812e-01 -7.142198085784912109e-01
5.445094108581542969e-01 -7.275648117065429688e-01
-5.009889602661132812e-03 -1.686906814575195312e-02
6.290905475616455078e-01 -6.625413894653320312e-03
5.495750904083251953e-01 -8.324289321899414062e-01
-1.424057483673095703e-01 -7.161762714385986328e-01
-7.146894931793212891e-01 -3.450000286102294922e-01
9.737849235534667969e-02 -1.715545654296875000e-01
7.014186382293701172e-01 -8.705286979675292969e-01
6.554226875305175781e-01 -9.201273918151855469e-01
-8.085024356842041016e-01 9.782323837280273438e-01
7.301390171051025391e-01 -5.265064239501953125e-01
-8.097419738769531250e-01 -4.256129264831542969e-01
8.645257949829101562e-01 -4.481210708618164062e-01
-6.340563297271728516e-01 -3.383095264434814453e-01
-2.398190498352050781e-01 2.794589996337890625e-01
9.411287307739257812e-01 -3.328514099121093750e-02
9.267997741699218750e-02 -5.007863044738769531e-02
-8.487153053283691406e-02 1.812300682067871094e-01
-7.555520534515380859e-01 -4.099512100219726562e-01
9.860777854919433594e-02 -8.533189296722412109e-01
4.602746963500976562e-01 -9.682607650756835938e-02
9.309132099151611328e-01 -4.787266254425048828e-01
-8.108208179473876953e-01 -4.874520301818847656e-01
-1.030302047729492188e-01 5.790164470672607422e-01
-7.525858879089355469e-01 2.674448490142822266e-01
-2.723460197448730469e-01 5.992286205291748047e-01
5.118560791015625000e-01 -7.898576259613037109e-01
-4.814333915710449219e-01 -5.694093704223632812e-01
-5.524699687957763672e-01 -1.699407100677490234e-01
-3.750364780426025391e-01 -1.476719379425048828e-01
3.042237758636474609e-01 -4.489114284515380859e-01
-5.025510787963867188e-01 -7.790045738220214844e-01
-3.019680976867675781e-01 -5.720622539520263672e-01
-4.081606864929199219e-02 9.246220588684082031e-01
-1.703953742980957031e-01 1.544394493103027344e-01
-4.585821628570556641e-01 -3.830471038818359375e-01
4.836912155151367188e-01 -6.120011806488037109e-01
3.332338333129882812e-01 -6.734278202056884766e-01
-8.463890552520751953e-01 6.577348709106445312e-01
3.372702598571777344e-01 -5.576038360595703125e-02
5.435438156127929688e-01 -6.238660812377929688e-01
7.993860244750976562e-01 -5.462694168090820312e-02
-4.793868064880371094e-01 -2.583842277526855469e-01
-4.719913005828857422e-01 -4.173319339752197266e-01
8.435108661651611328e-01 -2.490727901458740234e-01
9.798600673675537109e-01 -4.423260688781738281e-01
-7.314882278442382812e-01 7.545602321624755859e-01
-6.371235847473144531e-01 -5.971043109893798828e-01
9.635756015777587891e-01 -3.664906024932861328e-01
-9.286499023437500000e-02 -7.084538936614990234e-01
1.226518154144287109e-01 -1.313762664794921875e-01
-9.604463577270507812e-01 2.609779834747314453e-01
8.863148689270019531e-01 -1.245493888854980469e-01
-8.355004787445068359e-01 4.912502765655517578e-01
-2.526783943176269531e-02 -4.074919223785400391e-01
1.819148063659667969e-01 -2.855577468872070312e-01
-3.366193771362304688e-01 -2.970654964447021484e-01
-5.254204273223876953e-01 2.267591953277587891e-01
-3.414688110351562500e-01 9.728240966796875000e-01
-5.395829677581787109e-01 -2.266044616699218750e-01
-8.131473064422607422e-01 3.845674991607666016e-01
-8.377072811126708984e-01 8.869664669036865234e-01
1.699080467224121094e-01 -5.914616584777832031e-01
-9.584937095642089844e-01 5.689454078674316406e-01
-8.336052894592285156e-01 6.726005077362060547e-01
7.902843952178955078e-01 -8.437798023223876953e-01
-9.368476867675781250e-01 8.217952251434326172e-01
9.140143394470214844e-01 -5.865330696105957031e-01
-2.129518985748291016e-01 6.967039108276367188e-01
-4.637715816497802734e-01 8.721873760223388672e-01
1.747574806213378906e-01 -2.307093143463134766e-01
1.830043792724609375e-01 -5.379090309143066406e-01
-9.975411891937255859e-01 -1.124110221862792969e-01
-2.598936557769775391e-01 3.216874599456787109e-01
-8.296060562133789062e-02 -3.784642219543457031e-01
-3.220407962799072266e-01 7.280383110046386719e-01
-9.001505374908447266e-01 3.114652633666992188e-02
-5.872187614440917969e-01 -5.172739028930664062e-01
-7.288892269134521484e-01 8.685674667358398438e-01
-1.734158992767333984e-01 -5.036997795104980469e-02
-5.729970932006835938e-01 8.782975673675537109e-01
-6.895470619201660156e-02 4.844205379486083984e-01
-3.855493068695068359e-01 -1.364717483520507812e-01
-4.943888187408447266e-01 5.951547622680664062e-01
-9.238324165344238281e-01 -7.239770889282226562e-02
-5.627043247222900391e-01 3.097620010375976562e-01
7.679047584533691406e-01 -8.477053642272949219e-01
9.511189460754394531e-01 -4.243192672729492188e-01
-9.814739227294921875e-02 9.434816837310791016e-01
-2.614026069641113281e-01 -1.746449470520019531e-01
9.813582897186279297e-01 -8.663890361785888672e-01
-4.437839984893798828e-01 -4.952170848846435547e-01
4.520831108093261719e-01 -3.528382778167724609e-01
-1.358714103698730469e-01 9.973809719085693359e-01
-5.904626846313476562e-01 -7.429695129394531250e-02
5.756611824035644531e-01 -6.331372261047363281e-02
-4.914393424987792969e-01 2.506756782531738281e-01
9.934577941894531250e-01 -5.957379341125488281e-01
-1.343424320220947266e-01 8.617265224456787109e-01
6.466567516326904297e-01 -6.621892452239990234e-01
-7.516217231750488281e-02 -1.702628135681152344e-01
-2.132248878479003906e-01 5.752687454223632812e-01
-8.536407947540283203e-01 9.613842964172363281e-01
-1.759133338928222656e-01 -4.947800636291503906e-01
-2.914607524871826172e-01 3.114044666290283203e-01
-6.608557701110839844e-01 -5.454592704772949219e-01
1.796808242797851562e-01 -6.232218742370605469e-01
8.350205421447753906e-01 -9.367196559906005859e-01
3.606185913085937500e-01 -1.624059677124023438e-01
-7.065677642822265625e-01 9.975743293762207031e-01
-1.898512840270996094e-01 6.119704246520996094e-02
-9.852647781372070312e-01 -9.538085460662841797e-01
6.248841285705566406e-01 -4.022371768951416016e-01
7.006187438964843750e-01 -5.559737682342529297e-01
-1.034357547760009766e-01 5.129127502441406250e-01
-2.966682910919189453e-01 -9.684343338012695312e-01
-5.751605033874511719e-01 -4.159450531005859375e-02
-8.240771293640136719e-01 -2.752695083618164062e-01
3.707346916198730469e-01 -4.387516975402832031e-01
-4.161298274993896484e-01 -4.218604564666748047e-01
-2.726166248321533203e-01 3.479630947113037109e-01
-6.576120853424072266e-01 -6.924834251403808594e-01
9.151587486267089844e-01 -1.279277801513671875e-01
7.254846096038818359e-01 -9.126908779144287109e-01
1.429700851440429688e-01 -2.261524200439453125e-01
4.299092292785644531e-02 -7.801852226257324219e-01
-9.004716873168945312e-01 8.671386241912841797e-01
7.612845897674560547e-01 -6.176457405090332031e-01
9.624686241149902344e-01 -1.991534233093261719e-02
9.453969001770019531e-01 -7.265036106109619141e-01
-5.611212253570556641e-01 7.757165431976318359e-01
-4.340798854827880859e-01 -8.206558227539062500e-01
-9.350302219390869141e-01 7.089691162109375000e-01
-9.624266624450683594e-01 -5.623950958251953125e-01
-5.874135494232177734e-01 -1.719617843627929688e-01
-8.360600471496582031e-02 -1.692225933074951172e-01
7.323274612426757812e-01 -7.323834896087646484e-01
5.723831653594970703e-01 -2.037200927734375000e-01
5.672864913940429688e-01 -7.840311527252197266e-01
-9.937398433685302734e-01 -6.639778614044189453e-01
-7.260162830352783203e-01 -1.015901565551757812e-01
-4.344823360443115234e-01 -4.078919887542724609e-01
-4.259219169616699219e-01 5.808436870574951172e-01
8.736228942871093750e-01 -1.753761768341064453e-01
-6.074273586273193359e-01 1.381037235260009766e-01
-1.082224845886230469e-01 -8.415732383728027344e-01
-7.696671485900878906e-01 4.550871849060058594e-01
-1.819393634796142578e-01 -1.677911281585693359e-01
-7.603394985198974609e-01 -7.337436676025390625e-01
-9.557518959045410156e-01 -1.780505180358886719e-01
5.869631767272949219e-01 -4.800434112548828125e-01
5.393223762512207031e-01 -3.808507919311523438e-01
-6.630930900573730469e-01 8.271038532257080078e-01
6.350066661834716797e-01 -2.846293449401855469e-01
-2.414832115173339844e-01 2.263474464416503906e-02
9.264385700225830078e-01 -7.962930202484130859e-01
2.707598209381103516e-01 -5.057988166809082031e-01
-4.311823844909667969e-01 -1.536726951599121094e-02
-3.527791500091552734e-01 -1.300883293151855469e-01
-4.615767002105712891e-01 -1.172947883605957031e-01
7.413299083709716797e-01 -2.562110424041748047e-01
-7.470970153808593750e-01 -2.323946952819824219e-01
-1.968989372253417969e-01 2.485194206237792969e-01
5.659384727478027344e-01 -1.890292167663574219e-01
3.277623653411865234e-01 -2.898771762847900391e-01
-3.018038272857666016e-01 1.942586898803710938e-01
3.390870094299316406e-01 -8.281714916229248047e-01
6.268610954284667969e-01 -7.293305397033691406e-01
-1.908109188079833984e-01 -8.325190544128417969e-01
-7.389068603515625000e-02 6.003370285034179688e-01
1.859951019287109375e-01 -3.436489105224609375e-01
-9.570500850677490234e-01 -5.174636840820312500e-03
-4.220128059387207031e-01 -6.483540534973144531e-01
3.725225925445556641e-01 -8.924300670623779297e-01
2.429327964782714844e-01 -8.931851387023925781e-01
-7.217235565185546875e-01 -1.620783805847167969e-01
3.640272617340087891e-01 -7.545287609100341797e-01
-6.481781005859375000e-01 -4.452109336853027344e-01
-6.455118656158447266e-01 -4.148757457733154297e-01
-7.116029262542724609e-01 5.770170688629150391e-01
-7.929830551147460938e-01 9.837477207183837891e-01
-4.170572757720947266e-01 -9.637389183044433594e-01
9.695594310760498047e-01 -7.465059757232666016e-01
-5.111789703369140625e-01 5.218174457550048828e-01
9.131836891174316406e-02 -3.104686737060546875e-01
-3.344216346740722656e-01 -4.605479240417480469e-01
8.039588928222656250e-01 -2.440032958984375000e-01
-6.387894153594970703e-01 -9.785134792327880859e-01
-9.879541397094726562e-02 1.797842979431152344e-01
8.345460891723632812e-01 -3.087353706359863281e-01
-6.254696846008300781e-01 6.184022426605224609e-01
-4.088921546936035156e-01 -6.887102127075195312e-01
-4.804823398590087891e-01 5.366625785827636719e-01
3.477337360382080078e-01 -3.274474143981933594e-01
2.334365844726562500e-01 -1.036419868469238281e-01
-5.658018589019775391e-01 1.182317733764648438e-01
-6.816513538360595703e-01 3.830811977386474609e-01
-9.597737789154052734e-01 6.972918510437011719e-01
4.872248172760009766e-01 -5.514860153198242188e-03
-4.862072467803955078e-01 -6.810970306396484375e-01
-6.536147594451904297e-01 -5.675637722015380859e-01
-7.142338752746582031e-01 -9.837648868560791016e-01
-8.125901222229003906e-01 9.059424400329589844e-01
-7.756602764129638672e-01 8.857514858245849609e-01
8.635473251342773438e-01 -2.001130580902099609e-01
-8.055734634399414062e-02 9.400115013122558594e-01
8.750286102294921875e-01 -6.315588951110839844e-02
1.785755157470703125e-01 -5.448231697082519531e-01
-2.772774696350097656e-01 -5.485558509826660156e-01
-9.128005504608154297e-01 -1.023333072662353516e-01
2.046959400177001953e-01 -8.203568458557128906e-01
7.141590118408203125e-03 -9.411163330078125000e-01
4.986763000488281250e-03 -2.649557590484619141e-01
-2.806141376495361328e-01 -5.828590393066406250e-01
-8.202278614044189453e-01 7.105052471160888672e-01
7.333579063415527344e-01 -6.266212463378906250e-02
4.315495491027832031e-01 -9.367930889129638672e-01
-7.930040359497070312e-01 8.514418601989746094e-01
2.687757015228271484e-01 -5.359027385711669922e-01
-2.440111637115478516e-01 5.091652870178222656e-01
-6.511840820312500000e-01 -4.001333713531494141e-01
-6.252107620239257812e-01 -1.354746818542480469e-01
-5.576407909393310547e-01 8.558614253997802734e-01
9.041388034820556641e-01 -8.488023281097412109e-01
7.828528881072998047e-01 -8.743166923522949219e-02
-4.377627372741699219e-01 1.559562683105468750e-01
-6.660947799682617188e-01 -9.436376094818115234e-01
-4.436233043670654297e-01 -1.323299407958984375e-01
-1.020393371582031250e-01 7.079372406005859375e-01
-4.300529956817626953e-01 -2.582650184631347656e-01
4.409818649291992188e-01 -2.973875999450683594e-01
-1.131100654602050781e-01 -5.596833229064941406e-01
-6.455492973327636719e-02 -9.159436225891113281e-01
-4.445075988769531250e-02 -2.034237384796142578e-01
-6.869342327117919922e-01 -6.338911056518554688e-01
-6.533799171447753906e-01 -1.726739406585693359e-01
-6.933081150054931641e-01 7.277987003326416016e-01
-1.937098503112792969e-01 -9.776432514190673828e-01
-8.629179000854492188e-02 -5.269875526428222656e-01
7.953488826751708984e-01 -2.576775550842285156e-01
-3.280441761016845703e-01 9.087727069854736328e-01
5.940871238708496094e-01 -3.274369239807128906e-01
-3.207707405090332031e-01 7.134339809417724609e-01
-6.130311489105224609e-01 8.294246196746826172e-01
-9.763009548187255859e-01 -8.755202293395996094e-01
-8.742210865020751953e-01 5.053877830505371094e-02
6.626622676849365234e-01 -9.541053771972656250e-01
-1.373147964477539062e-02 9.626677036285400391e-01
-9.966092109680175781e-01 8.242940902709960938e-02
-8.270406723022460938e-01 -1.800215244293212891e-01
7.199332714080810547e-01 -7.067594528198242188e-01
-5.960218906402587891e-01 5.943968296051025391e-01
-3.615987300872802734e-01 -1.345019340515136719e-01
4.030358791351318359e-01 -9.347746372222900391e-01
5.376777648925781250e-01 -2.401123046875000000e-01
-1.604423522949218750e-01 5.977010726928710938e-01
2.997703552246093750e-01 -7.955026626586914062e-02
6.127536296844482422e-01 -4.060750007629394531e-01
-1.652808189392089844e-01 2.727007865905761719e-02
-9.993262290954589844e-01 6.418168544769287109e-01
-1.493828296661376953e-01 -7.889382839202880859e-01
-1.488554477691650391e-01 -7.394325733184814453e-01
4.444122314453125000e-01 -4.876217842102050781e-01
2.804710865020751953e-01 -7.463588714599609375e-01
-8.082437515258789062e-02 -1.809561252593994141e-01
-8.319852352142333984e-01 -5.885076522827148438e-02
-8.455839157104492188e-01 -3.594102859497070312e-01
-1.977901458740234375e-01 3.180563449859619141e-01
-1.306366920471191406e-01 -4.556746482849121094e-01
7.519845962524414062e-01 -2.336049079895019531e-01
4.668259620666503906e-01 -4.838693141937255859e-01
4.401702880859375000e-01 -9.573717117309570312e-01
-1.341943740844726562e-01 -4.697751998901367188e-01
-3.505897521972656250e-01 5.459761619567871094e-02
-1.052951812744140625e-01 8.478899002075195312e-01
2.752876281738281250e-01 -5.769960880279541016e-01
8.138782978057861328e-01 -7.889485359191894531e-02
4.164702892303466797e-01 -4.985365867614746094e-01
-5.557534694671630859e-01 -4.256043434143066406e-01
2.951705455780029297e-01 -6.760287284851074219e-02
-7.435960769653320312e-01 7.870075702667236328e-01
-6.714105606079101562e-01 -4.084696769714355469e-01
6.461834907531738281e-01 -9.319851398468017578e-01
-7.760283946990966797e-01 3.803548812866210938e-01
-7.609395980834960938e-01 6.071424484252929688e-02
-3.646039962768554688e-02 -6.914067268371582031e-01
-3.074903488159179688e-01 -9.722049236297607422e-01
-4.996483325958251953e-01 -9.303708076477050781e-01
7.731008529663085938e-02 -6.773409843444824219e-01
1.207671165466308594e-01 -7.568955421447753906e-01
2.298960685729980469e-01 -2.981672286987304688e-01
-7.637867927551269531e-01 6.034543514251708984e-01
9.775698184967041016e-01 -3.461284637451171875e-01
-1.826512813568115234e-01 -9.357583522796630859e-01
8.975312709808349609e-01 -5.251550674438476562e-01
7.416200637817382812e-01 -2.364902496337890625e-01
6.884846687316894531e-01 -4.985561370849609375e-01
-2.140181064605712891e-01 -7.350969314575195312e-01
-5.105223655700683594e-01 5.923588275909423828e-01
2.000718116760253906e-01 -4.221224784851074219e-02
-8.985142707824707031e-01 8.255300521850585938e-01
-5.177333354949951172e-01 -3.562295436859130859e-01
3.812122344970703125e-02 -5.196073055267333984e-01
8.656787872314453125e-02 -9.262657165527343750e-02
-3.190255165100097656e-02 5.975778102874755859e-01
5.822429656982421875e-01 -2.351579666137695312e-01
-2.517073154449462891e-01 -4.602384567260742188e-02
4.339919090270996094e-01 -2.748012542724609375e-01
-2.356243133544921875e-02 -3.215444087982177734e-01
-7.589259147644042969e-01 6.171092987060546875e-01
9.640493392944335938e-01 -5.511541366577148438e-01
-9.332256317138671875e-01 5.324637889862060547e-01
-9.505417346954345703e-01 -3.541684150695800781e-02
9.736533164978027344e-01 -7.065448760986328125e-01
8.043549060821533203e-01 -7.040100097656250000e-01
7.315564155578613281e-01 -3.967022895812988281e-02
-7.214863300323486328e-01 -1.255435943603515625e-01
-2.704815864562988281e-01 -7.174110412597656250e-01
-4.279661178588867188e-02 -4.657850265502929688e-01
-4.757170677185058594e-01 -8.392643928527832031e-02
-1.892495155334472656e-02 8.352255821228027344e-02
6.091518402099609375e-01 -9.754443168640136719e-01
-8.545165061950683594e-01 4.105017185211181641e-01
-8.613219261169433594e-01 1.318042278289794922e-01
-8.926234245300292969e-01 6.329870223999023438e-01
8.026611804962158203e-01 -8.870518207550048828e-01
8.219833374023437500e-01 -9.164237976074218750e-02
-2.738800048828125000e-01 -7.435526847839355469e-01
7.022998332977294922e-01 -5.665116310119628906e-01
-2.639825344085693359e-01 4.767832756042480469e-01
-8.838095664978027344e-01 -8.257827758789062500e-01
-4.302558898925781250e-01 -2.983713150024414062e-02
7.951245307922363281e-01 -1.013040542602539062e-03
4.691007137298583984e-01 -7.274868488311767578e-01
4.964683055877685547e-01 -3.419592380523681641e-01
1.496152877807617188e-01 -6.224484443664550781e-01
4.532821178436279297e-01 -1.702809333801269531e-01
-5.497009754180908203e-01 -4.462292194366455078e-01
